0.000000000000000000e+00 0.000000000000000000e+00 0.000000000000000000e+00 0.000000000000000000e+00 0.000000000000000000e+00 0.000000000000000000e+00 0.000000000000000000e+00 0.000000000000000000e+00 0.000000000000000000e+00 0.000000000000000000e+00 0.000000000000000000e+00 0.000000000000000000e+00 0.000000000000000000e+00 0.000000000000000000e+00 0.000000000000000000e+00 0.000000000000000000e+00 0.000000000000000000e+00 0.000000000000000000e+00 0.000000000000000000e+00 0.000000000000000000e+00
0.000000000000000000e+00 -2.337530687946120743e+05 -1.748638165843787428e+05 -1.311613078572766099e+05 -9.839256901184485469e+04 -7.482713261465376127e+04 -5.809147823694240651e+04 -4.599866257983231480e+04 -3.685403562602699094e+04 -2.941152814466741620e+04 -2.274774347943401517e+04 -1.614543443576775826e+04 -9.012452568097945914e+03 -8.548053890081095005e+02 8.632880661511375365e+03 1.919099354970239438e+04 2.894931550999474348e+04 3.254159000405633196e+04 2.183022471971244522e+04 0.000000000000000000e+00
0.000000000000000000e+00 -1.928223190336753614e+05 -1.670428370563774370e+05 -1.286818278700366209e+05 -9.759282430831943930e+04 -7.508227879593962280e+04 -5.894606252783451782e+04 -4.709347043126107747e+04 -3.796099098179107386e+04 -3.040726948172457924e+04 -2.357681684288224642e+04 -1.678991044686512396e+04 -9.463004188586042801e+03 -1.056437498030322104e+03 8.917059315369322576e+03 2.070843843426886815e+04 3.332775591334051569e+04 4.076888358775734378e+04 2.738965451790526640e+04 0.000000000000000000e+00
0.000000000000000000e+00 -1.535702069804311031e+05 -1.406660865610300098e+05 -1.161316878636058100e+05 -9.269490994064591359e+04 -7.398072923808783526e+04 -5.966055705023916380e+04 -4.857968327425133612e+04 -3.966004852831088647e+04 -3.203372718913103381e+04 -2.500632308869126791e+04 -1.799697103886375044e+04 -1.048404028248625946e+04 -1.965438130233441370e+03 8.023089555819770794e+03 1.959573146127717700e+04 3.114538571323732685e+04 3.584911767385956045e+04 2.309949928512096085e+04 0.000000000000000000e+00
0.000000000000000000e+00 -1.206046524410799029e+05 -1.136340560348592116e+05 -9.949019966950929665e+04 -8.399023444738383114e+04 -7.006706412423428264e+04 -5.840128489704727690e+04 -4.871207456470710895e+04 -4.046789976680913969e+04 -3.312983976181952312e+04 -2.621116563423117987e+04 -1.927550804219472411e+04 -1.192230777593726816e+04 -3.784666471659565104e+03 5.390056815265868863e+03 1.536112162138476015e+04 2.421685791886178777e+04 2.652521423480084195e+04 1.679185197665202941e+04 0.000000000000000000e+00
0.000000000000000000e+00 -9.489584529428143287e+04 -9.120182526360786869e+04 -8.344061184913851321e+04 -7.384776148948815535e+04 -6.416959537741604436e+04 -5.524202392467755999e+04 -4.724027570907114568e+04 -4.002007392368109868e+04 -3.331947299797205778e+04 -2.684946806249180008e+04 -2.032868159396341798e+04 -1.350079536944391111e+04 -6.165295529463708590e+03 1.716949820373108651e+03 9.699845689453337400e+03 1.612579823722403671e+04 1.738871734617145194e+04 1.093926735249476042e+04 0.000000000000000000e+00
0.000000000000000000e+00 -7.549237092951151135e+04 -7.369162786902707012e+04 -6.967916641415763297e+04 -6.399900745462105988e+04 -5.753430982292884437e+04 -5.096571609203323169e+04 -4.461504471632793138e+04 -3.854564412484542845e+04 -3.268202512985052090e+04 -2.689030305333320939e+04 -2.102438994839783481e+04 -1.495937095731432237e+04 -8.635560720455352566e+03 -2.153076688496093084e+03 4.017633357064577012e+03 8.674223474267579149e+03 9.726546471479166939e+03 6.174241087830814649e+03 0.000000000000000000e+00
0.000000000000000000e+00 -6.100761895721487235e+04 -6.028581922930944711e+04 -5.844386356339041959e+04 -5.523766320854297373e+04 -5.103495283227925393e+04 -4.631444784595325473e+04 -4.139962570798304660e+04 -3.643986774670640443e+04 -3.146710156750950773e+04 -2.645374058549921756e+04 -2.135580237932983437e+04 -1.614887258629917051e+04 -1.087014994080368706e+04 -5.684697404244046083e+03 -9.918476712096968413e+02 2.461268764136579648e+03 3.683890219335457004e+03 2.505616965453166813e+03 0.000000000000000000e+00
0.000000000000000000e+00 -5.022011634165128635e+04 -5.009537538811250852e+04 -4.948291478867478872e+04 -4.780360498015229678e+04 -4.513582956306773121e+04 -4.179192218376936944e+04 -3.804571488865315769e+04 -3.406739774750057404e+04 -2.994219256303828297e+04 -2.570778628339412899e+04 -2.138881029469590794e+04 -1.702801226791929366e+04 -1.271877416710227590e+04 -8.641393907716119429e+03 -5.090613552372155027e+03 -2.436218480027741407e+03 -8.997093927724986315e+02 -2.210778439206483768e+02 0.000000000000000000e+00
0.000000000000000000e+00 -4.217969067913145409e+04 -4.236796395789748203e+04 -4.242821167469122156e+04 -4.167189730616725137e+04 -4.002554926023558073e+04 -3.768044020634395565e+04 -3.485077857810608839e+04 -3.169714485058227001e+04 -2.832528170565182882e+04 -2.480838088309666273e+04 -2.121217058738116248e+04 -1.761860154480355413e+04 -1.414707983370413422e+04 -1.096584381215325084e+04 -8.265693465869559077e+03 -6.129015608211676408e+03 -4.257826952604620601e+03 -2.182335267934446620e+03 0.000000000000000000e+00
0.000000000000000000e+00 -3.617438900471371744e+04 -3.651196480620739021e+04 -3.691778882177821652e+04 -3.670772208016560762e+04 -3.573518984405382071e+04 -3.410708157031666633e+04 -3.198244634459068038e+04 -2.949999570617054633e+04 -2.676761764755223339e+04 -2.387426646793951659e+04 -2.090675052034733744e+04 -1.796585610347890542e+04 -1.517752265576162245e+04 -1.268616232855229464e+04 -1.059448817065824551e+04 -8.780489527932428246e+03 -6.610595455608485281e+03 -3.532788256307927441e+03 0.000000000000000000e+00
0.000000000000000000e+00 -3.166275375892079319e+04 -3.205961286583334368e+04 -3.262644352419574352e+04 -3.273656649330428627e+04 -3.221260602394929811e+04 -3.110189759963859615e+04 -2.951613535165647409e+04 -2.756869731712206340e+04 -2.536029414796737183e+04 -2.298369154651200006e+04 -2.053366719497919257e+04 -1.811660857200036844e+04 -1.585396563411299030e+04 -1.386399435765712224e+04 -1.218252798594012529e+04 -1.055369211868121783e+04 -8.145177478685598544e+03 -4.396277164633391294e+03 0.000000000000000000e+00
0.000000000000000000e+00 -2.821001396527411634e+04 -2.862636902446834574e+04 -2.926557450343294113e+04 -2.957514069758895130e+04 -2.936544065575664717e+04 -2.863900704397177469e+04 -2.746775968850844583e+04 -2.594079445602097258e+04 -2.414822612581916837e+04 -2.218056319810958303e+04 -2.013309457014407599e+04 -1.811025671095279540e+04 -1.622378907043552863e+04 -1.456832345833243198e+04 -1.313416328120587968e+04 -1.158970711104762086e+04 -9.008287488102285351e+03 -4.865367827232332274e+03 0.000000000000000000e+00
0.000000000000000000e+00 -2.542999293731809666e+04 -2.586893514554027206e+04 -2.656806208713003434e+04 -2.703770268278476942e+04 -2.707800804812873321e+04 -2.665524452678295711e+04 -2.580926503940003749e+04 -2.460922098631873450e+04 -2.313557231181479438e+04 -2.147498778829659932e+04 -1.972012430990755092e+04 -1.796993876007224753e+04 -1.632459041522121333e+04 -1.485914232918928974e+04 -1.353696435317034411e+04 -1.199807114927560542e+04 -9.305164135259439718e+03 -5.002581673983697328e+03 0.000000000000000000e+00
0.000000000000000000e+00 -2.292657742701181269e+04 -2.343602856407633590e+04 -2.425301100368984044e+04 -2.490902300173552067e+04 -2.518730982754092838e+04 -2.502556175265978527e+04 -2.444196114830113947e+04 -2.349346953198982010e+04 -2.225526768546472886e+04 -2.081181108004683483e+04 -1.925288963506092477e+04 -1.767086176428365798e+04 -1.615376885315305844e+04 -1.476026656968731368e+04 -1.344069730306596830e+04 -1.184460137405676505e+04 -9.095799616905678704e+03 -4.840174339561787747e+03 0.000000000000000000e+00
0.000000000000000000e+00 -2.023503325855543517e+04 -2.089935693878368329e+04 -2.193813310983339761e+04 -2.284088337400952514e+04 -2.336657514634268227e+04 -2.343906639797396929e+04 -2.306967614788844730e+04 -2.231371904742097831e+04 -2.124705056062762014e+04 -1.995466777638459462e+04 -1.852422101438761092e+04 -1.704105850188167460e+04 -1.558039800110812212e+04 -1.418534621116283051e+04 -1.280135776373941735e+04 -1.111642127761400297e+04 -8.380481325309450767e+03 -4.378672465156224462e+03 0.000000000000000000e+00
0.000000000000000000e+00 -1.679062696294953275e+04 -1.763407968430133405e+04 -1.893805309664687957e+04 -2.008900599855690962e+04 -2.082781600309886198e+04 -2.108569438056786385e+04 -2.088396508512002401e+04 -2.028429100063017177e+04 -1.936582571307136823e+04 -1.821361274640182455e+04 -1.691132857061347750e+04 -1.553517658103794929e+04 -1.414558725876356402e+04 -1.276904236524133194e+04 -1.134976292049340736e+04 -9.636155873708859872e+03 -7.064429307631975462e+03 -3.592133451571399746e+03 0.000000000000000000e+00
0.000000000000000000e+00 -1.208307687713834457e+04 -1.276626796924773589e+04 -1.407625545566584515e+04 -1.524465636818510757e+04 -1.601206164702010574e+04 -1.633607845024813651e+04 -1.624965253503932945e+04 -1.581526243243456520e+04 -1.510538132429264988e+04 -1.419416276871461559e+04 -1.315125977938784672e+04 -1.203612479617692770e+04 -1.089024283393860787e+04 -9.723210768309176274e+03 -8.483803458758897250e+03 -7.002659381309619675e+03 -4.957958828269353035e+03 -2.476714525560871152e+03 0.000000000000000000e+00
0.000000000000000000e+00 -6.322976939805002985e+03 -6.604415360532292652e+03 -7.351029020337859947e+03 -8.047000326510331433e+03 -8.518717983140217257e+03 -8.733036498961548205e+03 -8.708292622917921108e+03 -8.481895768013358975e+03 -8.096991513565388232e+03 -7.596685411410126108e+03 -7.020314713993613623e+03 -6.399725985447581479e+03 -5.754054501003904988e+03 -5.081572566702497170e+03 -4.348492294534703433e+03 -3.482339824346591740e+03 -2.408631613634480800e+03 -1.221336534798837874e+03 0.000000000000000000e+00
0.000000000000000000e+00 0.000000000000000000e+00 0.000000000000000000e+00 0.000000000000000000e+00 0.000000000000000000e+00 0.000000000000000000e+00 0.000000000000000000e+00 0.000000000000000000e+00 0.000000000000000000e+00 0.000000000000000000e+00 0.000000000000000000e+00 0.000000000000000000e+00 0.000000000000000000e+00 0.000000000000000000e+00 0.000000000000000000e+00 0.000000000000000000e+00 0.000000000000000000e+00 0.000000000000000000e+00 0.000000000000000000e+00 0.000000000000000000e+00
