0.000000000000000000e+00 0.000000000000000000e+00 0.000000000000000000e+00 0.000000000000000000e+00 0.000000000000000000e+00 0.000000000000000000e+00 0.000000000000000000e+00 0.000000000000000000e+00 0.000000000000000000e+00 0.000000000000000000e+00 0.000000000000000000e+00 0.000000000000000000e+00 0.000000000000000000e+00 0.000000000000000000e+00 0.000000000000000000e+00 0.000000000000000000e+00 0.000000000000000000e+00 0.000000000000000000e+00 0.000000000000000000e+00 0.000000000000000000e+00
0.000000000000000000e+00 1.000000000000000000e+05 1.000000000000000000e+05 1.000000000000000000e+05 1.000000000000000000e+05 1.000000000000000000e+05 1.000000000000000000e+05 1.000000000000000000e+05 1.000000000000000000e+05 1.000000000000000000e+05 1.000000000000000000e+05 1.000000000000000000e+05 1.000000000000000000e+05 1.000000000000000000e+05 1.000000000000000000e+05 1.000000000000000000e+05 1.000000000000000000e+05 1.000000000000000000e+05 1.000000000000000000e+05 1.000000000000000000e+05
0.000000000000000000e+00 0.000000000000000000e+00 1.784219368691182899e+04 2.815174471066600017e+04 3.898915014958596294e+04 4.799927937546028261e+04 5.491548767827168194e+04 6.004463577679609443e+04 6.371502159873868368e+04 6.618038142610940849e+04 6.762219187596112897e+04 6.815677320180235256e+04 6.784311116648100142e+04 6.670863511246531561e+04 6.473682879904360016e+04 6.199389017823246832e+04 5.842557875822485221e+04 5.078047667235936387e+04 0.000000000000000000e+00 0.000000000000000000e+00
0.000000000000000000e+00 0.000000000000000000e+00 8.038678537760856671e+02 4.791845403094444009e+03 1.217452353953131751e+04 2.014792399486575596e+04 2.725952586396590414e+04 3.308747228829921369e+04 3.759785537059830676e+04 4.086097788222852250e+04 4.296021194050556369e+04 4.395969392486765719e+04 4.389363080264532618e+04 4.276949277320055990e+04 4.062858899742270296e+04 3.767992714924399479e+04 3.446876705930446042e+04 2.880954649682515446e+04 0.000000000000000000e+00 0.000000000000000000e+00
0.000000000000000000e+00 0.000000000000000000e+00 -3.879767348586707158e+03 -4.122332345070048177e+03 -1.025766397074021143e+03 3.829160637681996832e+03 9.078825502250036152e+03 1.392875158862090757e+04 1.801818695038930309e+04 2.119286460546867602e+04 2.339898648242369381e+04 2.462646322746517762e+04 2.488864186666251771e+04 2.423726038829014215e+04 2.283070850618675104e+04 2.110879528990728795e+04 1.964158781725736844e+04 1.694986695015547230e+04 0.000000000000000000e+00 0.000000000000000000e+00
0.000000000000000000e+00 0.000000000000000000e+00 -4.653288069122560046e+03 -6.926868159170518084e+03 -6.850978576205997342e+03 -4.922055668947215963e+03 -1.992976733038762177e+03 1.218957589161021133e+03 4.244212848636969284e+03 6.804556998259926331e+03 8.750607715683256174e+03 1.001740449793127664e+04 1.060774351991644289e+04 1.060592675541620702e+04 1.023312814274445373e+04 9.903937361228472582e+03 1.002459830907998003e+04 9.414730099464601153e+03 0.000000000000000000e+00 0.000000000000000000e+00
0.000000000000000000e+00 0.000000000000000000e+00 -4.231457746502690497e+03 -7.277784082944142938e+03 -8.933749304006680177e+03 -9.116455132984610827e+03 -8.177003945774161366e+03 -6.597408690358089189e+03 -4.786204439103782533e+03 -3.034970345527722202e+03 -1.524289273258443245e+03 -3.427734934910893685e+02 5.045851984675019253e+02 1.103025529971062042e+03 1.646865728213656212e+03 2.425490462078642395e+03 3.598296479965866638e+03 4.308814320121384299e+03 0.000000000000000000e+00 0.000000000000000000e+00
0.000000000000000000e+00 0.000000000000000000e+00 -3.541905488289339701e+03 -6.711454506982801831e+03 -9.231891235908396993e+03 -1.073140142887211732e+04 -1.123246210637024160e+04 -1.097871224115152472e+04 -1.025145072943041123e+04 -9.287093922901362021e+03 -8.248541883389596478e+03 -7.222641279544098325e+03 -6.221392379419151439e+03 -5.183878914177688785e+03 -3.984907482999369222e+03 -2.488034567582785712e+03 -7.141673568930410738e+02 7.500048345849971838e+02 0.000000000000000000e+00 0.000000000000000000e+00
0.000000000000000000e+00 0.000000000000000000e+00 -2.871366592413101898e+03 -5.863938187405576173e+03 -8.701476005956865265e+03 -1.091366670296207849e+04 -1.233503194660249028e+04 -1.302787732208328634e+04 -1.314289856376606440e+04 -1.283644509709954764e+04 -1.222900946586546161e+04 -1.139103779538678282e+04 -1.034024031561548145e+04 -9.049619079735773994e+03 -7.471285186431506190e+03 -5.599047509444181742e+03 -3.573127301105050265e+03 -1.726445159641853934e+03 0.000000000000000000e+00 0.000000000000000000e+00
0.000000000000000000e+00 0.000000000000000000e+00 -2.291536957581868137e+03 -4.972602666492936805e+03 -7.804825095703873558e+03 -1.031415864029670593e+04 -1.224584417309570199e+04 -1.354227503928127044e+04 -1.424750277593219471e+04 -1.443981888583238469e+04 -1.419135303007671246e+04 -1.355062969354670349e+04 -1.253878159075894109e+04 -1.116064952223052387e+04 -9.433792343312041339e+03 -7.446162600511383062e+03 -5.401670199796400084e+03 -3.414782705960656131e+03 0.000000000000000000e+00 0.000000000000000000e+00
0.000000000000000000e+00 0.000000000000000000e+00 -1.800360733703898859e+03 -4.116839221310869107e+03 -6.759201681630656822e+03 -9.296451462950051791e+03 -1.144456072102564394e+04 -1.307501902721316947e+04 -1.415477794117185658e+04 -1.469792107372205646e+04 -1.473281496263165536e+04 -1.428627207128455666e+04 -1.338018713105816823e+04 -1.204327136140927541e+04 -1.033926963568047540e+04 -8.414031244940373654e+03 -6.494760064922078527e+03 -4.515869374406313000e+03 0.000000000000000000e+00 0.000000000000000000e+00
0.000000000000000000e+00 0.000000000000000000e+00 -1.373242385513866111e+03 -3.307177393361240775e+03 -5.659001628045860343e+03 -8.059339762401240478e+03 -1.022785168574398631e+04 -1.199868441918176904e+04 -1.328752260522528013e+04 -1.406088762189743647e+04 -1.431238544231103515e+04 -1.405027240486163828e+04 -1.329485520138844186e+04 -1.208917314208572679e+04 -1.052350497869804713e+04 -8.771170569935353342e+03 -7.055413173410396666e+03 -5.171566399918823663e+03 0.000000000000000000e+00 0.000000000000000000e+00
0.000000000000000000e+00 0.000000000000000000e+00 -9.794131171499680022e+02 -2.526515129839846395e+03 -4.538642860396857031e+03 -6.709716004678092759e+03 -8.777375827826708701e+03 -1.055870541272412993e+04 -1.193776127540524612e+04 -1.284896536581081818e+04 -1.326125571371669866e+04 -1.316887730973270118e+04 -1.258913514103763373e+04 -1.157092611910639243e+04 -1.021441275669153401e+04 -8.697014014666665389e+03 -7.220594097626522853e+03 -5.480684761401198557e+03 0.000000000000000000e+00 0.000000000000000000e+00
0.000000000000000000e+00 0.000000000000000000e+00 -5.865124224774336881e+02 -1.748876344072819165e+03 -3.406673597641344259e+03 -5.306605009427432378e+03 -7.205192135678072191e+03 -8.913426698522309380e+03 -1.029825891821224468e+04 -1.127557326243729040e+04 -1.179964895418763444e+04 -1.185604506822061376e+04 -1.145903936272541978e+04 -1.065736117426803867e+04 -9.548705020061677715e+03 -8.297661479548203715e+03 -7.073414484206296947e+03 -5.506897876331881889e+03 0.000000000000000000e+00 0.000000000000000000e+00
0.000000000000000000e+00 0.000000000000000000e+00 -1.678600905884437395e+02 -9.550932856590488882e+02 -2.272484278153850937e+03 -3.892938303884890956e+03 -5.586269640203897325e+03 -7.163711793657274939e+03 -8.487529522702257964e+03 -9.467661895439929140e+03 -1.005354712254499282e+04 -1.022788455446223816e+04 -1.000334057563784518e+04 -9.425326680646860041e+03 -8.581333858037083701e+03 -7.611781604292506017e+03 -6.645616080360478009e+03 -5.279002874215870179e+03 0.000000000000000000e+00 0.000000000000000000e+00
0.000000000000000000e+00 0.000000000000000000e+00 2.762610803848783689e+02 -1.696603829951077955e+02 -1.180075527593536890e+03 -2.527314360973636212e+03 -3.985260099818090566e+03 -5.375470777336405263e+03 -6.568791209767650798e+03 -7.482009548567127240e+03 -8.069174993894374893e+03 -8.315788951262922637e+03 -8.235023463805402571e+03 -7.868107143366234595e+03 -7.288766818106044411e+03 -6.607388383962492298e+03 -5.908390100067093954e+03 -4.781282162827375942e+03 0.000000000000000000e+00 0.000000000000000000e+00
0.000000000000000000e+00 0.000000000000000000e+00 6.511227913063953565e+02 4.903611720301497030e+02 -2.514500028794140007e+02 -1.308435841217232564e+03 -2.472594688012568895e+03 -3.590266038059521179e+03 -4.558578795180902489e+03 -5.313619172972255910e+03 -5.822122866181722202e+03 -6.076388897181608627e+03 -6.091076127638213620e+03 -5.902518362923981840e+03 -5.569631374869017236e+03 -5.171465916465034752e+03 -4.750678762889543577e+03 -3.926513925500642472e+03 0.000000000000000000e+00 0.000000000000000000e+00
0.000000000000000000e+00 0.000000000000000000e+00 6.839877313245666528e+02 7.445912596061028808e+02 2.986293448536659412e+02 -3.821158790068783446e+02 -1.121393215592122260e+03 -1.825452270039989571e+03 -2.432252403991064512e+03 -2.907876779151239589e+03 -3.236119346426336506e+03 -3.416450216650619495e+03 -3.462249022643364242e+03 -3.400871493700969495e+03 -3.272960694931794023e+03 -3.127521785830351291e+03 -2.976588002357940240e+03 -2.538400110026688253e+03 0.000000000000000000e+00 0.000000000000000000e+00
0.000000000000000000e+00 0.000000000000000000e+00 0.000000000000000000e+00 0.000000000000000000e+00 0.000000000000000000e+00 0.000000000000000000e+00 0.000000000000000000e+00 0.000000000000000000e+00 0.000000000000000000e+00 0.000000000000000000e+00 0.000000000000000000e+00 0.000000000000000000e+00 0.000000000000000000e+00 0.000000000000000000e+00 0.000000000000000000e+00 0.000000000000000000e+00 0.000000000000000000e+00 0.000000000000000000e+00 0.000000000000000000e+00 0.000000000000000000e+00
0.000000000000000000e+00 0.000000000000000000e+00 0.000000000000000000e+00 0.000000000000000000e+00 0.000000000000000000e+00 0.000000000000000000e+00 0.000000000000000000e+00 0.000000000000000000e+00 0.000000000000000000e+00 0.000000000000000000e+00 0.000000000000000000e+00 0.000000000000000000e+00 0.000000000000000000e+00 0.000000000000000000e+00 0.000000000000000000e+00 0.000000000000000000e+00 0.000000000000000000e+00 0.000000000000000000e+00 0.000000000000000000e+00 0.000000000000000000e+00
