0.000000000000000000e+00 0.000000000000000000e+00 0.000000000000000000e+00 0.000000000000000000e+00 0.000000000000000000e+00 0.000000000000000000e+00 0.000000000000000000e+00 0.000000000000000000e+00 0.000000000000000000e+00 0.000000000000000000e+00 0.000000000000000000e+00 0.000000000000000000e+00 0.000000000000000000e+00 0.000000000000000000e+00 0.000000000000000000e+00 0.000000000000000000e+00 0.000000000000000000e+00 0.000000000000000000e+00 0.000000000000000000e+00 0.000000000000000000e+00
0.000000000000000000e+00 0.000000000000000000e+00 0.000000000000000000e+00 0.000000000000000000e+00 0.000000000000000000e+00 0.000000000000000000e+00 0.000000000000000000e+00 0.000000000000000000e+00 0.000000000000000000e+00 0.000000000000000000e+00 0.000000000000000000e+00 0.000000000000000000e+00 0.000000000000000000e+00 0.000000000000000000e+00 0.000000000000000000e+00 0.000000000000000000e+00 0.000000000000000000e+00 0.000000000000000000e+00 0.000000000000000000e+00 0.000000000000000000e+00
0.000000000000000000e+00 0.000000000000000000e+00 -1.667366496254412414e+04 -1.351394788507609337e+04 -1.047149406757356337e+04 -7.777277877859831278e+03 -5.577510007127558310e+03 -3.854234140982518966e+03 -2.517557646688327168e+03 -1.461739241848002621e+03 -5.913990233803742740e+02 1.677893583157169815e+02 8.609039962919320033e+02 1.484762255128277729e+03 1.947183513772568404e+03 2.036394513679690590e+03 1.495489475827662773e+03 4.980796943858996997e+02 0.000000000000000000e+00 0.000000000000000000e+00
0.000000000000000000e+00 0.000000000000000000e+00 -2.730502500015267287e+04 -2.488171707770074499e+04 -2.020843417899357883e+04 -1.566337173096704646e+04 -1.177348292794699046e+04 -8.561538246583641012e+03 -5.923183234131954123e+03 -3.719098903715599590e+03 -1.811700990668632585e+03 -8.109749318435891041e+01 1.563221516861849977e+03 3.173938623129859934e+03 4.742445863269062102e+03 6.232554077913549008e+03 7.458501044644885951e+03 7.551229220384992004e+03 0.000000000000000000e+00 0.000000000000000000e+00
0.000000000000000000e+00 0.000000000000000000e+00 -2.852596028458945875e+04 -3.009347618739017707e+04 -2.676727274194891652e+04 -2.213216430382508406e+04 -1.752321997901714349e+04 -1.333853369293615469e+04 -9.643717383063043599e+03 -6.374059340240253732e+03 -3.418401179819217759e+03 -6.585357891969562161e+02 2.008065869681666754e+03 4.648810221463871130e+03 7.267857372401275825e+03 9.713368726750364658e+03 1.137544694692253688e+04 1.021797968050367854e+04 0.000000000000000000e+00 0.000000000000000000e+00
0.000000000000000000e+00 0.000000000000000000e+00 -2.612981511099233103e+04 -3.067664224881157133e+04 -2.960741356408822685e+04 -2.604032902373134493e+04 -2.164343730147919268e+04 -1.715340766712871846e+04 -1.286384905874183096e+04 -8.846498974681671825e+03 -5.071609786084823099e+03 -1.471376699394840216e+03 2.018108977817522828e+03 5.417426249299518531e+03 8.635667945251911078e+03 1.133005305226541168e+04 1.254103913310481948e+04 1.031335501532259150e+04 0.000000000000000000e+00 0.000000000000000000e+00
0.000000000000000000e+00 0.000000000000000000e+00 -2.271368618527381841e+04 -2.887128358740790281e+04 -2.969787318975885501e+04 -2.750756237314984173e+04 -2.384474172721100695e+04 -1.957832223938394600e+04 -1.515963165765661688e+04 -1.079137917854856096e+04 -6.543063991575183536e+03 -2.424972747831511242e+03 1.555963377095178885e+03 5.339833231664823870e+03 8.730879460686430320e+03 1.125457548888055135e+04 1.193784883603437993e+04 9.213287879243980569e+03 0.000000000000000000e+00 0.000000000000000000e+00
0.000000000000000000e+00 0.000000000000000000e+00 -1.931142441644987412e+04 -2.604981523930644107e+04 -2.814759313340375957e+04 -2.718190236497984733e+04 -2.441136145132537058e+04 -2.066962853080575951e+04 -1.647087026018574397e+04 -1.210557069171104376e+04 -7.729192206256264399e+03 -3.431152989977029392e+03 7.063879139072020052e+02 4.548312612230472041e+03 7.829483593553813080e+03 1.005157519450395739e+04 1.037345380003088576e+04 7.698490477565797846e+03 0.000000000000000000e+00 0.000000000000000000e+00
0.000000000000000000e+00 0.000000000000000000e+00 -1.621804370518739051e+04 -2.293310248629010675e+04 -2.575498351384319540e+04 -2.572284994176200053e+04 -2.379553935513452598e+04 -2.069542306308588377e+04 -1.692902068851661170e+04 -1.282730102348337277e+04 -8.603760411242046757e+03 -4.409808701316537736e+03 -3.871466093038058034e+02 3.278765248317492478e+03 6.299005995392137265e+03 8.218579082221665885e+03 8.382869685220786778e+03 6.067380824480218507e+03 0.000000000000000000e+00 0.000000000000000000e+00
0.000000000000000000e+00 0.000000000000000000e+00 -1.353774148607211100e+04 -1.988728232899360228e+04 -2.303572193515911931e+04 -2.364654241394800556e+04 -2.242681859785133202e+04 -1.996936061333488396e+04 -1.673521554676997039e+04 -1.305942916301018340e+04 -9.184159889200325779e+03 -5.298513056820376733e+03 -1.579772858204586100e+03 1.765137258547939609e+03 4.459296064358715739e+03 6.124407677395261999e+03 6.286004310193095080e+03 4.499011579903512029e+03 0.000000000000000000e+00 0.000000000000000000e+00
0.000000000000000000e+00 0.000000000000000000e+00 -1.127555269818263332e+04 -1.709331557348986826e+04 -2.030070251727043797e+04 -2.131203151718201480e+04 -2.064288939733149527e+04 -1.876742447304511734e+04 -1.608692412081727525e+04 -1.291732297021664090e+04 -9.505108857072562387e+03 -6.053513236430423603e+03 -2.751858137803535556e+03 1.957988569003646262e+02 2.547008789508888640e+03 4.010018278489028944e+03 4.265272039597229195e+03 3.066085061884029983e+03 0.000000000000000000e+00 0.000000000000000000e+00
0.000000000000000000e+00 0.000000000000000000e+00 -9.417904228016870547e+03 -1.464084337114953451e+04 -1.773354793441532092e+04 -1.895520106293850404e+04 -1.868645710635988871e+04 -1.730439027081126915e+04 -1.514945029687333954e+04 -1.250559994928534798e+04 -9.606010676069139663e+03 -6.649033603543266508e+03 -3.817246019942480871e+03 -1.294906698136661134e+03 7.211664901367962557e+02 2.023064956587503730e+03 2.417688189131940362e+03 1.798629640128049004e+03 0.000000000000000000e+00 0.000000000000000000e+00
0.000000000000000000e+00 0.000000000000000000e+00 -7.949188855808203698e+03 -1.257174155685673577e+04 -1.543721240369201405e+04 -1.672263152316329069e+04 -1.672137896401942999e+04 -1.573612442112381541e+04 -1.405104802077196473e+04 -1.191186882438696375e+04 -9.526841050192324474e+03 -7.076063774262153856e+03 -4.722702880862687380e+03 -2.621738310486533919e+03 -9.216149906019127229e+02 2.447834863474456313e+02 7.859114850338899032e+02 6.978171654084801503e+02 0.000000000000000000e+00 0.000000000000000000e+00
0.000000000000000000e+00 0.000000000000000000e+00 -6.866653851132886302e+03 -1.090675727985493904e+04 -1.346886622094657287e+04 -1.470541280639426986e+04 -1.485986321781009792e+04 -1.417887778274470111e+04 -1.289578153564698550e+04 -1.121538854888747665e+04 -9.314207166914849950e+03 -7.346027867965413861e+03 -5.447776314064657527e+03 -3.742023619664239050e+03 -2.332110173156162546e+03 -1.287760002084332427e+03 -6.191126378115703801e+02 -2.493392312504516326e+02 0.000000000000000000e+00 0.000000000000000000e+00
0.000000000000000000e+00 0.000000000000000000e+00 -6.174758771251688813e+03 -9.657197517609029092e+03 -1.186289231727130209e+04 -1.296928883309501543e+04 -1.319297271032690333e+04 -1.273631346560159727e+04 -1.178562932981998893e+04 -1.050425309590166762e+04 -9.033983618437740006e+03 -7.498872519789695616e+03 -6.007678236580612975e+03 -4.652299209289030841e+03 -3.498466566203866478e+03 -2.566654462137292739e+03 -1.803017517838500680e+03 -1.060631987972558363e+03 0.000000000000000000e+00 0.000000000000000000e+00
0.000000000000000000e+00 0.000000000000000000e+00 -5.888359732140917004e+03 -8.827850852625133484e+03 -1.065204766385932999e+04 -1.158233455055420927e+04 -1.181970238576528936e+04 -1.152509144565053975e+04 -1.084057167191464032e+04 -9.889553847651797696e+03 -8.779897755791291274e+03 -7.606582566608997695e+03 -6.452083516228740336e+03 -5.382563073102338421e+03 -4.436074015386106112e+03 -3.599604178396187308e+03 -2.772787771724361846e+03 -1.747127180533394949e+03 0.000000000000000000e+00 0.000000000000000000e+00
0.000000000000000000e+00 0.000000000000000000e+00 -5.907609907278395440e+03 -8.311909079258368365e+03 -9.755472896172959736e+03 -1.050648241429260815e+04 -1.073317007545675733e+04 -1.055660499060953043e+04 -1.007735971001810685e+04 -9.383785643682836962e+03 -8.554262342046562480e+03 -7.658757580907282318e+03 -6.757830003502655927e+03 -5.898023016424370326e+03 -5.099934772775660349e+03 -4.333211893366986260e+03 -3.473133585079869590e+03 -2.265832835782370239e+03 0.000000000000000000e+00 0.000000000000000000e+00
0.000000000000000000e+00 0.000000000000000000e+00 -5.479470074925662630e+03 -7.159288479765315969e+03 -8.182927824706825049e+03 -8.735820262317836750e+03 -8.930517614254205910e+03 -8.840921139059304551e+03 -8.530625628153524303e+03 -8.056926557789979597e+03 -7.472459292565590658e+03 -6.824967139378262800e+03 -6.155625206902482205e+03 -5.495010568503069408e+03 -4.853536618498811549e+03 -4.200703195734201472e+03 -3.422220010007228666e+03 -2.277781374465541376e+03 0.000000000000000000e+00 0.000000000000000000e+00
0.000000000000000000e+00 0.000000000000000000e+00 0.000000000000000000e+00 0.000000000000000000e+00 0.000000000000000000e+00 0.000000000000000000e+00 0.000000000000000000e+00 0.000000000000000000e+00 0.000000000000000000e+00 0.000000000000000000e+00 0.000000000000000000e+00 0.000000000000000000e+00 0.000000000000000000e+00 0.000000000000000000e+00 0.000000000000000000e+00 0.000000000000000000e+00 0.000000000000000000e+00 0.000000000000000000e+00 0.000000000000000000e+00 0.000000000000000000e+00
0.000000000000000000e+00 0.000000000000000000e+00 0.000000000000000000e+00 0.000000000000000000e+00 0.000000000000000000e+00 0.000000000000000000e+00 0.000000000000000000e+00 0.000000000000000000e+00 0.000000000000000000e+00 0.000000000000000000e+00 0.000000000000000000e+00 0.000000000000000000e+00 0.000000000000000000e+00 0.000000000000000000e+00 0.000000000000000000e+00 0.000000000000000000e+00 0.000000000000000000e+00 0.000000000000000000e+00 0.000000000000000000e+00 0.000000000000000000e+00
